Hong 1 150.06184288696298 2.377912302288412 nan
Hong 2 150.06240389116743 2.3779636432478743 nan
Hong 3 150.06145515627625 2.379169630330155 nan
Hong 4 150.0615338673068 2.3794848440923415 nan
Hong 5 150.06025444847103 2.378309874037343 nan
Hong 6 150.06067478668504 2.379535851144788 nan
Hong 7 150.0611823317705 2.379838349405287 nan
Hong 8 150.06189419127452 2.3798376620886073 nan
Hong 9 150.06178876001465 2.379930764519085 nan
Bach-Dang 1 150.1116406761004 2.3770644260339866 nan
Bach-Dang 2 150.11324951249026 2.3755984692606655 nan
Bach-Dang 3 150.11302026415436 2.3757118069406915 nan
Bach-Dang 4 150.11363951161698 2.3764342873712705 nan
Bach-Dang 5 150.11292287104442 2.3768618526115755 nan
Bach-Dang 6 150.11295096342195 2.3773115771211195 nan
Bach-Dang 7 150.11241693560734 2.3775436343142147 nan
Bach-Dang 8 150.1130337071085 2.3774980505089824 nan
Thu-Bon 1 150.0663033198826 2.3812748006061346 nan
Thu-Bon 2 150.06664488091658 2.3814026583865404 nan
Thu-Bon 3 150.0667070143501 2.38161877424667 nan
Thu-Bon 4 150.06655569427934 2.3811870144511937 2.22133
Thu-Bon 5 150.06764395553714 2.3815333000429453 0.8883
Thu-Bon 6 150.06794106365746 2.3821448528082114 nan
Thu-Bon 7 150.06760167862964 2.3826430325056793 nan
Thu-Bon 8 150.06611545360192 2.3832244262822777 nan
Thu-Bon 9 150.06584090908422 2.3816392004054077 nan
Thu-Bon 10 150.06623935179212 2.381809889201619 nan
Thu-Bon 11 150.06551382157556 2.3821485358831396 nan
Thu-Bon 12 150.06699388747225 2.382782793966969 nan
Thu-Bon 13 150.06781551144348 2.382537756366878 nan
Thu-Bon 14 150.06659028260717 2.383290203989095 nan
Gianh 1 150.0864042668133 2.395362553086326 nan
Gianh 2 150.08604331821942 2.395681377486679 nan
Gianh 3 150.08798841721676 2.394917641497053 nan
Gianh 4 150.0880174096067 2.395094880537546 nan
Gianh 5 150.08820671998814 2.396009502751366 nan
Gianh 6 150.08762409300448 2.396934455892051 nan
Gianh 7 150.087583257383 2.3952529263200746 nan
Gianh 8 150.086644679092 2.396137951954296 nan
Gianh 9 150.08753912793728 2.3960114163769424 nan
Gianh 10 150.0878415594062 2.3959141705870723 nan
Gianh 11 150.08702681753505 2.3969407105824483 nan
Gianh 12 150.08811075348842 2.396759943978593 nan
Ben-Hai 1 150.43619172548205 2.4634819342820737 nan
Ben-Hai 2 150.4382003842918 2.4631023624583843 nan
Ben-Hai 3 150.43619454171622 2.46401994859675 nan
Ben-Hai 4 150.43694035279017 2.4640750340303907 nan
Ben-Hai 5 150.4367465205548 2.464160997516621 nan
Ben-Hai 6 150.43836351105185 2.4637789919300475 nan
Ben-Hai 7 150.4374006550102 2.4647637750525333 nan
Ben-Hai 8 150.43816035421617 2.464507302133182 nan
Ben-Hai 9 150.437378291395 2.4626764624902635 nan
Ben-Hai 10 150.43749131622315 2.463006787743362 nan
Ben-Hai 11 150.43688399078133 2.463833698578061 nan
Ben-Hai 12 150.4377136135123 2.463552673514138 nan
Ben-Hai 13 150.43832948948977 2.463340408373612 nan
Ben-Hai 14 150.43725239224813 2.464912167608063 nan
Tien 1 150.45428116977703 2.454712764547767 nan
Tien 2 150.45422006281726 2.4552900536102933 nan
Tien 3 150.4552766713953 2.455478471217965 nan
Tien 4 150.45471874799262 2.454930971982942 nan
Tien 5 150.45481050191725 2.45501116603671 nan
Tien 6 150.45385441130603 2.455464356760002 nan
Tien 7 150.45394219389797 2.4557031766925292 nan
Tien 8 150.45468106744468 2.455637845075008 nan
Tien 9 150.45399098777906 2.4568326027998806 nan
Hau 1 150.4610055810195 2.4292225278784514 nan
Hau 2 150.46050440336373 2.4294440354501114 nan
Hau 3 150.4621813894911 2.429093075679916 nan
Hau 4 150.46214385871397 2.4299671240240626 nan
Hau 5 150.46110311156124 2.4306473945182767 nan
Hau 6 150.46090059906084 2.4307705073170602 nan
Hau 7 150.46241967074226 2.430223523812483 2.3242
Hau 8 150.4618793049784 2.430367055368608 nan
Hau 9 150.4619093135598 2.4284099507143533 nan
Hau 10 150.4602309718298 2.4292404387629416 nan
Hau 11 150.4603590470748 2.4296726604307866 nan
Hau 12 150.46030359307892 2.429991078419694 nan
Hau 13 150.46048823686772 2.429946320204673 nan
Hau 14 150.46092386381895 2.4302637034674994 nan
Hau 15 150.46122616064346 2.430408464507608 nan
Hau 16 150.46129868234615 2.4306459415567456 nan
Dong-Nai 1 150.10580609075402 2.3777462755705865 nan
Dong-Nai 2 150.1060717880983 2.377952283238799 nan
Dong-Nai 3 150.10583401901587 2.378384382950175 nan
Dong-Nai 4 150.10756331685317 2.378276158230842 nan
Dong-Nai 5 150.10748578552202 2.3768394793726 nan
Dong-Nai 6 150.10595790043823 2.3776799440010628 nan
Dong-Nai 7 150.10553245316777 2.378113869238551 nan
Dong-Nai 8 150.10728421534537 2.377622642933226 nan
Dong-Nai 9 150.10663797527673 2.3779238243580796 nan
Dong-Nai 10 150.108223795475 2.3775008663791155 nan
Dong-Nai 11 150.1056720986672 2.3786594668371 nan
Dong-Nai 12 150.10779838777322 2.378426740602212 nan
Dong-Nai 13 150.10786585956785 2.37846086913385 nan
Dong-Nai 14 150.1069067249744 2.3789862035442852 nan
Dong-Nai 15 150.1071654749157 2.3790292134058895 nan
Saigon 1 150.10908962712125 2.3293749427144266 nan
Saigon 2 150.1091799281336 2.330055184113188 nan
Saigon 3 150.10869599413786 2.330257003489841 0.9241
Saigon 4 150.10997387426931 2.3304866858628985 nan
Saigon 5 150.10968032171294 2.3307027032162373 nan
Saigon 6 150.1080804842828 2.3301002434957727 nan
Saigon 7 150.1082742345432 2.3300442498869516 nan
Saigon 8 150.1091553370425 2.330273724969022 nan
Saigon 9 150.10996817145812 2.330992478790735 nan
