614287
641810
642463
642465
642503
659484
659599
659600
659694
659711
659753
659786
659859
659907
659914
659915
659921
660023
661622
661756
661825
680426
680696
680812
680946
683215
683386
684001
756228
756324
756381
756791
756809
756895
756931
757035
757177
757208
757258
757396
757782
757887
757931
757934
757952
758032
758035
758222
758439
759045
759298
759460
759529
759545
759592
776150
780483
780757
780758
780870
780877
780960
781006
781337
781436
781836
781863
782195
782280
782329
782581
782619
782838
782943
783120
783197
783240
783934
783941
784079
784096
784159
784398
784406
784451
784483
784557
784569
784580
784614
784646
799188
799221
799360
799560
799665
799673
799944
799949
804680
823206
823354
823362
823493
823557
823690
823724
823832
823918
823998
824034
824065
824190
830422
830622
756380
781608
780261
823371
829990
614114
781056
756380
781608
780261
823371
829990
614114
781056
614224
614660
614670
614700
659622
661909
662092
756650
756994
757025
757212
757435
659693
661989
759140
759202
784663
824112
780995
