756228
756324
756381
756650
756791
756809
756895
756931
780261
780483
780757
780758
780870
780877
780995
781006
757782
757931
757934
757952
758035
758222
782619
782943
783240
783257
804680
830151
830422
830622
756994
757025
757035
757177
757208
757212
757258
757396
757435
780960
781337
781436
781608
781836
781845
781863
759045
759140
759202
759290
759298
759460
759485
759529
759545
759592
783934
783941
784079
784096
784159
784398
784406
784451
784483
784557
784569
784580
784614
784642
784646
784663
614134
614257
614287
614320
614548
614660
614700
641328
641810
641835
641889
642233
642340
642380
642463
642465
642502
642503
614256
661622
661675
661756
661825
661906
662092
683215
683386
684001
684046
659484
659534
659599
659600
659622
659693
659694
659711
659753
659786
659859
659907
659914
659915
659921
660023
660158
680426
680696
680812
680946
680965
757887
758032
758439
782194
782195
782280
782329
782581
782746
782838
783117
783120
783144
783197
776150
799188
799221
799360
799560
799665
799673
799944
799949
823206
823354
823362
823493
823557
823690
823724
823832
823918
823981
823998
824034
824065
824190
